num_yards = 19  # 堆场数量
original_areas = [1839.9999999999998, 5100.0, 7020.0, 1440.0, 1800.0, 2100.0, 3625.0, 3400.0, 3915.0, 7800.0, 2100.0, 14400.0, 7650.0, 600.0, 600.0, 600.0, 600.0, 7650.0, 1190.0]  # 原始面积
utilization_rates = [0.9, 0.9, 0.9, 0.9, 0.9, 0.9, 0.9, 0.9, 0.9, 0.9, 0.9, 0.9, 0.9, 0.9, 0.9, 0.9, 0.9, 0.9, 0.9]  # 面积使用率
yard_areas = [1655.9999999999998, 4590.0, 6318.0, 1296.0, 1620.0, 1890.0, 3262.5, 3060.0, 3523.5, 7020.0, 1890.0, 12960.0, 6885.0, 540.0, 540.0, 540.0, 540.0, 6885.0, 1071.0]  # 调整后的面积
