num_yards = 9  # 堆场数量
original_areas = [1839.9999999999998, 5100.0, 7020.0, 1440.0, 1800.0, 3625.0, 3915.0, 9180.0, 900.0]  # 原始面积
utilization_rates = [0.9, 0.9, 0.9, 0.9, 0.9, 0.9, 0.9, 0.9, 0.9]  # 面积使用率
yard_areas = [1655.9999999999998, 4590.0, 6318.0, 1296.0, 1620.0, 3262.5, 3523.5, 8262.0, 810.0]  # 调整后的面积
