num_yards = 9  # 堆场数量
original_areas = [1839.9999999999998, 5100.0, 7020.0, 1440.0, 1800.0, 3625.0, 3915.0, 9180.0, 14400.0]  # 原始面积
utilization_rates = [0.7, 0.7, 0.7, 0.7, 0.7, 0.7, 0.7, 0.7, 0.7]  # 面积使用率
yard_areas = [1287.9999999999998, 3570.0, 4914.0, 1007.9999999999999, 1260.0, 2537.5, 2740.5, 6426.0, 10080.0]  # 调整后的面积
